14.7483
12.8019
26.0143
26.0327
14.0837
24.6106
19.7312
25.0129
20.6819
21.8577
25.8316
21.7409
25.9661
26.0326
25.5488
20.9163
25.8364
26.0326
22.2921
24.8697
26.0271
25.1485
26.0006
26.0315
24.0819
26.0028
26.0228
25.8141
26.0406
26.0269
25.6391
26.0407
26.0387
25.8817
25.8081
25.8911
26.0368
25.8911
26.0315
25.8862
26.0032
26.0406
25.8906
25.8862
26.0298
26.0315
26.032
25.8911
26.0002
26.0002
26.0002
26.0314
26.0296
26.0314
26.0028
26.0298
25.8895
26.0314
26.0326
26.0002
26.0002
26.0315
25.9536
26.0002
26.0314
26.0006
26.0315
26.0296
26.0319
26.0315
26.0315
26.0012
26.0319
26.0012
26.0314
26.0012
26.0012
26.0314
26.0006
26.0002
26.0298
26.0002
26.0002
26.0002
26.0315
26.0298
26.0315
26.0319
26.0006
26.0315
26.0315
26.0314
26.0315
26.0314
26.0317
26.0006
26.0006
26.0314
26.0317
26.0315
26.0319
26.0314
26.0319
26.0314
26.0012
26.0012
26.0319
26.0315
26.0314
26.0319
26.0319
26.0314
26.0012
26.0319
26.0314
26.0319
26.0009
26.0009
26.0319
26.0317
26.0314
26.0315
26.0315
26.0315
26.0006
26.0315
26.0319
26.0314
16.6147
26.0314
26.0314
26.0315
26.0314
26.0314
26.0319
26.0314
26.0006
26.0314
26.0319
26.0002
26.0315
26.0315
26.0319
26.0315
26.0319
26.0317
26.0314
26.0315
26.0319
26.0315
26.0314
26.0315
26.0315
26.0314
26.0006
26.0319
26.0314
26.0012
26.0314
26.0314
26.0315
26.0012
26.0012
26.0314
26.0319
26.0314
26.0319
26.0012
26.0314
26.0315
26.0314
26.0315
26.0006
26.0315
26.0314
26.0315
26.0315
26.0315
26.0315
26.0319
26.0319
26.0012
26.0319
26.0006
26.0319
26.0319
26.0319
26.0319
26.0012
26.0319
26.0319
26.0319
26.0319
26.0319
26.0315
26.0315
26.0319
26.0315
26.0315
26.0006
26.0006
26.0315
26.0315
26.0315
26.0317
26.0315
26.0317
26.0319
26.0315
26.0319
26.0315
26.0012
26.0319
26.0315
26.0314
26.0319
26.0315
26.0315
26.0006
26.0319
26.0315
26.0314
26.0314
26.0319
26.0315
26.0314
26.0315
26.0314
26.0012
26.0315
26.0319
26.0006
26.0319
26.0009
26.0319
26.0319
26.0012
26.0319
26.0315
26.0006
26.0315
26.0006
26.0002
26.0006
26.0006
26.0315
26.0319
26.0314
26.0006
26.0002
26.0012
26.0002
26.0006
26.0012
26.0012
26.0315
26.0315
26.0002
26.0006
26.0006
26.0314
26.0006
26.0315
26.0314
26.0314
26.0314
26.0315
26.0314
26.0315
26.0315
26.0006
26.0002
26.0314
26.0315
26.0315
26.0314
26.0314
26.0314
26.0315
26.0315
26.0314
26.0314
26.0315
26.0002
26.0314
26.0002
26.0314
26.0002
26.0315
26.0314
26.0314
26.0314
26.0314
26.0314
26.0002
26.0314
26.0314
26.0315
26.0314
26.0314
26.0314
26.0314
26.0314
26.0314
26.0314
26.0314
26.0315
26.0314
26.0006
26.0002
26.0315
26.0314
26.0002
26.0314
26.0314
26.0314
26.0314
26.0314
26.0314
26.0315
26.0314
16.6147
26.0002
26.0314
26.0006
26.0002
26.0002
26.0006
26.0314
26.0002
26.0002
26.0002
26.0002
26.0315
26.0002
26.0315
26.0315
26.0006
26.0314
26.0002
26.0315
26.0314
26.0314
26.0314
26.0314
26.0314
26.0002
26.0002
26.0006
26.0006
26.0314
26.0315
26.0002
26.0314
26.0314
26.0314
26.0006
26.0006
26.0315
26.0006
26.0314
26.0002
26.0006
26.0002
26.0314
26.0002
26.0002
26.0002
26.0314
26.0002
26.0002
26.0002
26.0314
26.0002
26.0006
26.0314
26.0006
26.0006
26.0002
26.0002
26.0002
26.0314
26.0006
26.0006
26.0006
26.0314
26.0314
26.0002
26.0315
26.0314
26.0314
26.0315
26.0314
26.0006
26.0315
26.0315
26.0002
26.0002
26.0002
26.0006
26.0006
26.0006
26.0002
26.0002
26.0002
26.0314
26.0314
26.0002
26.0314
26.0002
26.0002
26.0002
26.0002
26.0314
26.0002
26.0002
26.0002
26.0002
26.0002
26.0314
26.0002
26.0314
26.0002
26.0314
26.0314
26.0002
26.0314
26.0002
26.0314
26.0002
26.0002
26.0002
26.0002
26.0002
26.0314
26.0002
26.0314
26.0314
26.0002
26.0002
26.0002
26.0314
26.0002
26.0002
26.0002
26.0002
26.0002
26.0002
26.0002
26.0002
26.0002
26.0002
26.0314
26.0002
26.0002
26.0002
26.0002
26.0314
26.0002
26.0002
26.0002
26.0002
26.0002
26.0002
26.0002
26.0002
26.0002
26.0002
26.0002
26.0002
26.0002
26.0002
26.0002
26.0002
26.0002
26.0002
26.0002
26.0002
26.0002
26.0314
26.0314
26.0314
26.0002
26.0002
26.0002
26.0002
26.0002
26.0002
26.0002
26.0002
26.0002
26.0002
26.0002
26.0002
26.0002
26.0002
26.0002
26.0002
26.0002
26.0002
